100
YP_009121882.1_Spodoptera_frugiperda_granulovirus                      0.0000000 0.3270645 0.3191826 0.3346250 0.3346250 0.5037098 0.3842603 1.3486708 2.7007140 2.8185733 3.2571589 2.8114340 1.2066760 0.9506142 2.9041111 3.0833852 3.7389110 3.7389110 2.4439073 3.7871531 3.7871531 2.9032081 2.6639247 3.7071701 3.9213639 3.6978178 3.8826484 3.1058612 2.2729195 3.0045632 1.1642791 2.6308570 1.1381082 1.1028836 3.8423085 2.6633060 1.1164662 3.4761184 2.9410080 3.4194815 1.6349150 2.8323957 3.1284230 0.9361669 3.8167244 1.3694657 2.7879694 3.5372324 3.4883787 3.0092358 1.0773338 4.0109097 2.9436424 1.5900833 2.2960344 3.3435839 3.8165813 2.8248341 1.6429728 4.0086318 3.4168895 3.8839728 3.4106728 2.9195850 3.7863574 3.0570952 1.6278460 3.6685684 3.5459738 4.0428067 3.5212124 4.0109900 3.1199972 2.9259088 3.0012831 3.4768482 3.6038004 3.5169090 2.6137814 1.8018423 3.5458384 2.5324413 2.3340015 4.6082746 2.6767449 2.3963124 4.0372814 2.5771193 2.5771193 2.6708172 3.1338954 2.2895510 2.8429769 2.4721203 2.0978234 2.8072108 3.7039366 3.9254339 2.0788853 3.8703871 
NP_059264.1_Xestia_c-nigrum_granulovirus                               0.3270645 0.0000000 0.0167459 0.1055033 0.1055033 0.2898213 0.3905622 1.3752783 2.8411600 2.9512909 3.6194324 3.2597024 1.2711905 1.1821066 3.3410933 3.6131204 3.3225413 3.3225413 3.0873088 3.3642374 3.3642374 3.2342697 3.0217435 3.3865982 3.6985539 3.5453951 3.4033471 3.5448829 2.3374903 3.4298966 1.2560717 2.9341808 1.3781227 1.2977111 3.3789332 3.3537108 1.1749335 3.9080799 3.4124863 3.9204388 1.7113807 3.0991601 2.9437070 1.0225690 3.6817006 1.6831790 3.0966314 3.3494312 3.1473055 2.9975272 1.1179736 3.5457972 3.1741030 1.7694441 2.3020805 3.1946568 3.9399135 3.0564333 1.6435729 4.1898153 3.3482825 3.6428429 3.3311090 3.0426121 3.5495829 2.9568197 1.7933169 4.5277993 3.4182277 3.9771901 3.6214128 3.9240696 3.1683560 3.0236401 2.9797131 3.8537826 3.3774200 3.7862251 2.5504491 2.0242807 3.7729801 2.8131547 2.5871661 4.1001757 2.8439113 2.3375407 3.7654266 2.8560203 2.8560203 2.8167772 3.5843132 2.4384900 2.9334205 2.7555414 2.3541720 2.8164729 4.1247392 4.0841561 2.0459204 4.1541219 
YP_001649101.1_Helicoverpa_armigera_granulovirus                       0.3191826 0.0167459 0.0000000 0.1055873 0.1055873 0.2762237 0.4075934 1.4058123 2.7720731 2.8831389 3.6304327 3.2449638 1.2660792 1.1821066 3.3271999 3.5999208 3.1949942 3.1949942 3.0709259 3.2348063 3.2348063 3.2193816 3.1395123 3.2563651 3.6355765 3.5559760 3.2691838 3.5316014 2.3018078 3.4159525 1.2563513 3.0488853 1.3721000 1.2977111 3.4862431 3.3041375 1.1782317 3.8966661 3.3562336 3.9090982 1.7060483 3.1347435 2.9184058 1.0086693 3.6346821 1.6617766 3.1317741 3.3229433 3.1484512 2.9719697 1.1324841 3.5475378 3.1850403 1.7482042 2.2763120 3.1905283 3.9538031 3.0921148 1.6424802 4.1551222 3.3214552 3.6779112 3.3047346 3.0582392 3.5775830 2.9523473 1.7873418 4.4395617 3.4451536 3.9439956 3.6076938 3.8965877 3.2004122 3.0073513 2.9878909 3.7934800 3.3030787 3.7741345 2.5806197 2.0242807 3.7440110 2.8224004 2.5951773 4.0484600 2.8780541 2.3449311 3.7766422 2.8652723 2.8652723 2.8257408 3.6267767 2.4467834 2.9438617 2.7649730 2.3616735 2.8261280 4.0216578 4.1516302 2.0181642 4.2223719 
YP_003422459.1_Pseudalatia_unipuncta_granulovirus                      0.3346250 0.1055033 0.1055873 0.0000000 0.0000010 0.3308027 0.4132637 1.3840776 2.7622855 3.0854943 3.7790851 3.3098884 1.2386197 1.1565293 3.2563444 3.6739194 3.4196479 3.4196479 3.1867068 3.4636266 3.4636266 3.2629230 3.1179881 3.3692175 3.5848637 4.0693158 3.3677577 3.5805473 2.4150681 3.4630275 1.1455401 3.0424543 1.3113010 1.2648171 3.2747943 3.2829180 1.1246047 4.0447762 3.1320707 4.0577045 1.6224651 3.0271503 2.9925773 0.9267312 3.9057328 1.6493092 3.0255463 3.3975134 3.2895235 3.0126484 1.1333499 3.6766476 3.0162492 1.6930976 2.4574881 3.2256376 4.3624938 3.0091888 1.5945980 4.2224216 3.3969637 3.6680301 3.4360119 3.1419797 3.6037200 2.8924393 1.6200746 4.5617819 3.5469778 3.8923614 3.8279089 3.9635756 3.2328354 3.1093519 3.1294056 3.9869287 3.6018692 3.9699930 2.5203323 1.8613675 3.7080697 2.7436805 2.5229235 4.4537158 2.8598408 2.2779265 3.9070548 2.7481693 2.7481693 2.7696819 3.5422618 2.3683012 2.8558447 2.6842511 2.2938717 2.7439505 4.0802796 4.0326769 1.8470490 4.2310543 
YP_009506180.1_Trichoplusia_ni_granulovirus_LBIV-12                    0.3346250 0.1055033 0.1055873 0.0000010 0.0000000 0.3308027 0.4132637 1.3840776 2.7622855 3.0854943 3.7790851 3.3098884 1.2386197 1.1565293 3.2563444 3.6739194 3.4196479 3.4196479 3.1867068 3.4636266 3.4636266 3.2629230 3.1179881 3.3692175 3.5848637 4.0693158 3.3677577 3.5805473 2.4150681 3.4630275 1.1455401 3.0424543 1.3113010 1.2648171 3.2747943 3.2829180 1.1246047 4.0447762 3.1320707 4.0577045 1.6224651 3.0271503 2.9925773 0.9267312 3.9057328 1.6493092 3.0255463 3.3975134 3.2895235 3.0126484 1.1333499 3.6766476 3.0162492 1.6930976 2.4574881 3.2256376 4.3624938 3.0091888 1.5945980 4.2224216 3.3969637 3.6680301 3.4360119 3.1419797 3.6037200 2.8924393 1.6200746 4.5617819 3.5469778 3.8923614 3.8279089 3.9635756 3.2328354 3.1093519 3.1294056 3.9869287 3.6018692 3.9699930 2.5203323 1.8613675 3.7080697 2.7436805 2.5229235 4.4537158 2.8598408 2.2779265 3.9070548 2.7481693 2.7481693 2.7696819 3.5422618 2.3683012 2.8558447 2.6842511 2.2938717 2.7439505 4.0802796 4.0326769 1.8470490 4.2310543 
YP_009249935.1_Mocis_latipes_granulovirus                              0.5037098 0.2898213 0.2762237 0.3308027 0.3308027 0.0000000 0.5132276 1.4788293 3.0726963 2.7769455 3.7315429 3.6536171 1.2345457 1.2588486 3.4527533 3.7721036 3.2923753 3.2923753 3.2299050 3.3391003 3.3391003 3.4522354 2.8163274 3.6127077 3.6716177 3.6600067 3.3718847 3.7818175 2.3205246 3.6604606 1.3017082 2.7716348 1.4593194 1.3826015 3.5445434 3.3481671 1.1123972 4.1649808 3.6112318 4.1783892 1.5790313 2.9561654 3.2974608 0.9579578 4.0589800 1.7596734 2.9554174 3.6226123 3.5173290 3.1602447 1.2045437 4.0753061 3.2475943 1.4708786 2.2956790 3.5280657 3.9476991 2.7479611 1.5735020 4.4144059 3.6816272 4.3024241 3.8251367 3.7192405 4.2453387 3.1939337 1.8190107 4.6465807 4.0815283 3.9171975 3.7588533 4.1563240 3.3207065 3.4260432 3.3959634 4.0505561 4.4805139 4.0382092 2.6118369 1.7169033 3.9046881 3.3408053 3.0095915 4.1955741 2.6817349 2.7621475 4.0932663 3.4146135 3.4146135 3.6129514 3.7104568 3.3523082 3.8566396 3.7240596 2.8831113 3.4858644 4.4877480 4.2060636 2.3438507 4.2293819 
YP_009345824.1_Mythimna_unipuncta_granulovirus_B                       0.3842603 0.3905622 0.4075934 0.4132637 0.4132637 0.5132276 0.0000000 1.2352366 3.3589566 3.2168879 3.5038483 3.4846350 1.1776316 0.9668999 3.3469534 3.5398524 3.8230711 3.8230711 2.8293771 3.8737145 3.8737145 3.1694896 3.0174086 3.9300873 4.0355189 3.8865366 3.9916775 3.4603620 2.7030554 3.4526164 1.1765556 2.9298979 1.2920847 1.1682738 3.7489516 3.3944790 1.2181780 3.9707226 3.1314034 3.9825284 1.5041180 2.7575634 3.1391226 1.0575984 3.5362277 1.4028453 2.7145125 3.5809508 3.5195934 3.0338441 1.0410650 4.1453786 3.0091822 1.5338113 2.5055810 3.4460476 3.9318617 2.7243723 1.6253553 3.7779110 3.4670338 3.8640147 3.5164250 3.0728147 3.7379840 3.0626319 1.6668397 4.8559435 3.4923512 3.7156973 3.7752736 4.2149976 3.3655482 3.6892986 2.9323588 3.7300483 3.8372048 4.0407759 2.7623281 1.9701586 3.6394218 2.7828899 2.6457364 4.7590817 3.6412892 2.2075213 4.9287575 2.7009045 2.7009045 3.0497528 3.7966810 2.6453926 3.2427447 2.8873359 2.4938275 3.2524631 3.9545886 4.4068331 2.5642769 4.3243908 
YP_009513134.1_Agrotis_segetum_granulovirus                            1.3486708 1.3752783 1.4058123 1.3840776 1.3840776 1.4788293 1.2352366 0.0000000 2.8772002 4.0685207 3.3234290 4.6768938 1.0537490 0.7054814 4.1036134 4.8907030 3.3780794 3.3780794 3.4443734 3.4252165 3.4252165 5.1216929 3.4536367 3.4050122 3.4150192 4.3109439 3.2105266 5.0308232 2.5348684 5.0924170 1.2406196 3.6051321 1.3067708 1.0019297 4.2520032 3.1995409 1.1816153 4.5670362 3.3174415 4.4707773 1.2811940 3.9546235 2.9994080 1.1738574 3.3154640 1.2169632 4.1255300 3.3239529 3.3203449 3.3344903 1.1987941 3.8449386 3.9492200 1.2928293 3.1295472 3.4332033 4.7576702 4.1584147 1.5768758 3.3832545 3.2547301 3.3377399 3.2788352 3.0608586 3.5810353 2.5338772 1.5400929 3.2986952 3.5847779 4.1468278 5.1434023 3.7995241 3.7454211 3.9063049 3.0413672 3.7885515 5.0253371 4.0924716 5.3720067 1.8001484 3.8161330 3.8619646 3.6835419 3.5893737 4.8332705 3.7442791 4.6848063 3.5283560 3.5283560 5.2892001 5.3063208 4.3436719 4.8090627 4.4989108 3.1411820 4.4906671 4.9730563 3.9121868 3.3025493 3.9101092 
YP_009133232.1_Lambdina_fiscellaria_nucleopolyhedrovirus               2.7007140 2.8411600 2.7720731 2.7622855 2.7622855 3.0726963 3.3589566 2.8772002 0.0000000 1.3328157 1.1763256 1.4888657 3.0700914 2.4045590 1.5286526 1.4493799 3.0968005 3.0968005 1.2020920 3.1418013 3.1418013 1.5126677 1.9656581 3.1215924 3.5304575 2.5509062 3.1865902 1.6454166 1.1656187 1.6454166 2.5611815 2.0754642 3.2166572 2.2860528 2.1887660 1.4076509 2.8183514 1.2974880 2.2660378 1.2770880 3.2358673 2.8680548 3.8742555 3.1216946 1.3276444 2.6098870 2.9726319 3.7632421 3.3206011 3.9343662 2.6592874 3.3466431 2.6329105 2.9854129 1.5957137 3.6974163 2.3011950 2.9414194 3.1880871 1.7129397 3.6054444 4.3092527 4.9272221 4.5738560 3.8997228 3.7983856 2.4965711 1.6832011 3.8591177 1.7656850 1.5610685 4.6337242 2.1215983 1.5656137 3.6322878 1.5956955 1.5587330 1.4653292 3.0628980 3.3116817 4.9337004 2.7063828 2.6577411 3.9647117 2.6766182 1.9233104 2.0740101 2.6763432 2.6763432 2.7229007 2.9232744 2.9526149 2.9374337 2.7145197 2.4956428 3.0065688 1.7905792 3.4225040 2.8102530 3.3905345 
YP_009165718.1_Perigonia_lusca_single_nucleopolyhedrovirus             2.8185733 2.9512909 2.8831389 3.0854943 3.0854943 2.7769455 3.2168879 4.0685207 1.3328157 0.0000000 1.5695584 1.7133193 3.9833565 3.6735241 1.5830527 1.6638785 3.3883839 3.3883839 1.2675968 3.3916974 3.3916974 1.3643446 1.3423039 3.6125327 3.2932866 2.1404849 3.5222498 1.4020831 1.5487739 1.4270587 2.6694450 1.4161867 3.7242828 3.3137996 1.8590989 1.6803128 2.7979524 1.9324416 1.7174807 1.9294589 3.5098976 2.9027540 3.7719273 2.7594076 1.3316033 3.0983364 2.8104789 3.4350401 3.3263726 3.3339908 2.8657293 3.6947737 2.9196737 3.4469905 2.0715714 3.1922458 2.1205436 2.4775869 4.8264283 1.8455329 3.4091897 3.7436080 4.0474780 3.3398990 3.3660143 3.5275396 2.9564689 2.0925579 3.3910430 2.1770864 1.8830213 3.6043448 2.4956365 1.5720985 3.1947010 2.3547200 1.6277741 1.6965212 2.7553590 3.6316499 3.4510261 2.3822499 2.2638987 3.2882412 2.7855919 2.5649298 2.4742285 2.3481532 2.3481532 2.4925421 2.9601798 2.4716298 2.2037437 2.2609942 1.9378875 2.2334037 1.8187768 2.9514280 2.9087186 2.9570216 
YP_008378331.1_Hemileuca_sp._nucleopolyhedrovirus                      3.2571589 3.6194324 3.6304327 3.7790851 3.7790851 3.7315429 3.5038483 3.3234290 1.1763256 1.5695584 0.0000000 1.6585793 3.2341798 3.6063389 1.4982172 1.5168902 3.9122561 3.9122561 0.9568578 3.9122561 3.9122561 1.9040315 2.1427985 4.1402065 4.0626850 1.4676627 4.0595411 1.9426209 2.1338394 1.9741609 2.3171539 2.1901855 3.4758026 2.9550893 1.8444649 0.9269215 3.1824413 2.1217620 2.1505264 2.1217620 3.5911305 2.3103145 3.1986375 2.8562759 1.1583020 3.3834177 2.2277586 2.8761993 3.1670544 3.3398327 2.1288128 3.3777615 2.2675697 3.3135563 1.4501134 3.4352639 1.4445649 1.9741438 3.1415844 1.2205054 3.0869462 3.6714109 3.3898265 3.8544069 3.5537676 3.1033176 2.4767515 1.7266977 3.2075567 1.7166293 2.0369278 3.6555341 2.4775398 1.5724897 3.5656503 1.3557099 1.2553329 1.6825663 2.2413383 3.5451020 3.2845624 2.4796980 2.3535570 4.3733789 2.4438971 1.6996834 2.5318440 2.4987510 2.4987510 3.1681382 2.8479209 3.0970720 2.7302430 2.4656467 2.3690571 2.9415570 2.3794880 3.8450246 2.3802454 3.6326706 
YP_002268046.1_Agrotis_ipsilon_multiple_nucleopolyhedrovirus           2.8114340 3.2597024 3.2449638 3.3098884 3.3098884 3.6536171 3.4846350 4.6768938 1.4888657 1.7133193 1.6585793 0.0000000 3.9777679 2.9548479 0.1848874 0.6940635 2.8794728 2.8794728 0.6091075 2.8805660 2.8805660 0.6589835 1.6191942 3.0044793 3.2000778 2.2350047 2.8618601 0.6841476 1.3890669 0.6706807 3.1020709 1.5750774 3.1913715 3.1703011 1.7556673 1.8142603 3.3581048 0.6425097 1.4521355 0.6665054 3.1698281 2.4371144 3.7656213 3.1053944 1.2592248 3.9293558 2.6334742 3.3603769 3.1145312 3.5969649 2.9327534 3.4133971 2.5494641 3.3975245 1.8117280 2.8712113 2.1732961 2.2588454 3.3634771 1.7386003 3.3551568 3.7881186 3.8054955 3.9187490 3.4854472 3.4906250 2.6211512 1.3609666 3.2824539 1.9779606 0.6412321 3.7907764 1.6704944 0.5589617 3.8963893 1.8897722 1.3847213 0.7323726 2.4711910 4.7550976 4.3444004 2.2390472 2.0847337 3.0618374 2.0689513 1.8826133 1.7621540 2.2283134 2.2283134 1.9261476 2.2363751 2.0989407 1.9889567 1.7969000 2.1836000 2.1107744 1.4870780 3.9256796 3.1097318 3.8517329 
YP_001257041.1_Spodoptera_litura_granulovirus                          1.2066760 1.2711905 1.2660792 1.2386197 1.2386197 1.2345457 1.1776316 1.0537490 3.0700914 3.9833565 3.2341798 3.9777679 0.0000000 1.0347371 3.8469587 3.8056162 3.3354059 3.3354059 2.5166309 3.3924393 3.3924393 4.6332445 3.6931738 3.5207215 3.2413050 4.5995969 3.3039253 4.9126320 3.0677947 4.6988737 0.9821818 3.9146972 0.9339665 1.0140704 3.2452756 3.1769609 1.5354176 4.4000763 3.7850725 4.3204548 1.4531739 3.9817822 3.4307167 0.9825761 3.8034386 1.4968986 3.9548647 3.6117909 3.8039862 3.7203615 1.1975930 3.7671627 4.1443077 1.6995313 3.5690788 3.9115430 5.0526238 4.2522396 1.1369285 4.4894541 3.6091715 4.2384110 3.8940955 3.3128970 3.8905275 3.1828162 1.4922247 4.3214769 3.6205532 4.9669563 4.6676674 4.9953157 5.1255728 4.4003703 4.0088270 3.3738445 4.0866887 4.8550423 4.2022716 1.7233219 4.3620755 3.3792744 3.1406711 4.1977368 4.1769615 2.8820418 5.6163640 3.6812363 3.6812363 4.3131030 4.6438750 3.8712636 4.5281717 4.2791411 3.1059352 4.2610555 4.9550219 6.9519379 3.1947631 6.8453988 
NP_891938.1_Cryptophlebia_leucotreta_granulovirus                      0.9506142 1.1821066 1.1821066 1.1565293 1.1565293 1.2588486 0.9668999 0.7054814 2.4045590 3.6735241 3.6063389 2.9548479 1.0347371 0.0000000 2.8724139 2.8284759 3.3528930 3.3528930 2.5198702 3.4026960 3.4026960 4.0586900 2.5900305 3.2566270 3.1751183 4.6123417 3.0510563 3.8526119 2.3527912 3.9475980 0.9871627 2.5698410 0.9263565 0.8448332 3.1515829 3.3282360 0.7127205 3.3729064 2.6283918 3.3912086 0.9013127 1.8816951 3.1361811 0.9587102 3.1760258 0.6792201 1.9348667 3.3744605 3.3967965 3.5093709 1.1489364 4.0818081 2.0449591 0.8776109 2.4726185 3.2191153 4.7933081 2.2697726 1.1225265 3.1396354 3.1298971 3.7372649 3.8954023 3.3015761 3.1259289 2.7769656 1.5679293 3.7365857 3.0654390 3.3024197 3.4822140 3.8916060 2.1596474 3.3740503 3.0339395 3.1373461 3.3222316 3.5993523 2.5346922 1.1269783 3.7305097 2.7043270 2.6118043 3.5268058 2.6744490 3.5829618 3.2238388 2.5566411 2.5566411 2.6327435 2.9587996 2.5393088 2.8096778 2.7228276 2.1971420 2.8182132 4.1642268 4.7371939 2.9527315 4.5443999 
YP_009112574.1_Agrotis_segetum_nucleopolyhedrovirus_B                  2.9041111 3.3410933 3.3271999 3.2563444 3.2563444 3.4527533 3.3469534 4.1036134 1.5286526 1.5830527 1.4982172 0.1848874 3.8469587 2.8724139 0.0000000 0.6249404 3.2843454 3.2843454 0.5578325 3.2873446 3.2873446 0.6339572 1.5376513 3.3767932 3.5295614 2.1722120 3.1765506 0.6573316 1.3873291 0.6448385 2.7841042 1.4898297 3.1888096 2.8522310 1.6654307 1.6072307 3.3631313 0.6494868 1.4662605 0.6378732 3.3492641 2.2323185 4.0811126 2.9483942 1.2358897 4.0784510 2.4423319 3.5824956 3.2208439 3.9386846 2.8256551 3.5297506 2.3656467 3.5505697 1.8386871 3.1323196 2.0444876 2.2151849 3.6660670 1.7099858 3.5380690 4.1462911 3.9599098 3.9773766 3.4919083 3.5440307 2.6686821 1.3075148 3.4424478 1.8788560 0.6421690 3.7128222 1.6057281 0.5668173 3.9059600 1.8136075 1.3780482 0.7122408 2.4952470 4.1637937 4.7509273 2.0412756 1.9020290 3.2477150 2.0019938 1.6996333 1.7150675 2.0341656 2.0341656 1.8890878 2.1785972 2.1174995 1.9846183 1.8437692 2.2532387 2.0197934 1.5866425 3.8269983 2.7764312 3.8863113 
YP_529682.1_Agrotis_segetum_nucleopolyhedrovirus_A                     3.0833852 3.6131204 3.5999208 3.6739194 3.6739194 3.7721036 3.5398524 4.8907030 1.4493799 1.6638785 1.5168902 0.6940635 3.8056162 2.8284759 0.6249404 0.0000000 3.0063529 3.0063529 0.5714866 3.0081430 3.0081430 0.7414309 1.5676518 2.7542383 3.1352889 1.9852479 2.8932948 0.7979425 1.5677657 0.7812324 2.7662258 1.5318766 3.4665728 3.1536813 2.0485409 1.6205025 3.6760981 0.7783274 1.5169525 0.7974720 3.5796427 2.3868505 3.2960437 3.5579449 1.1088777 3.9686291 2.5923123 2.9653918 2.6113764 3.3470515 2.8052486 2.8159564 2.5417551 3.9262487 2.0109523 2.4927617 1.6931366 2.4788653 3.6091397 1.5025587 3.0257151 3.1750047 3.3912443 3.4582898 2.6513858 3.2582280 2.7838414 1.4218246 2.5950759 1.8546281 0.7910992 2.6694369 1.4678890 0.7418965 3.1835956 1.8987365 1.3007439 0.7554992 2.4312147 4.6500616 3.6542226 2.2081182 1.9788436 3.0002918 2.1871230 1.4040000 1.8588136 2.1897646 2.1897646 1.8016561 2.6209264 2.2910599 1.9946543 1.9643945 2.2321308 2.0142895 1.7022135 3.8066156 3.1967364 3.7293089 
YP_003422371.1_Pseudalatia_unipuncta_granulovirus                      3.7389110 3.3225413 3.1949942 3.4196479 3.4196479 3.2923753 3.8230711 3.3780794 3.0968005 3.3883839 3.9122561 2.8794728 3.3354059 3.3528930 3.2843454 3.0063529 0.0000000 0.0000010 2.3474932 0.0092601 0.0092601 3.1910027 2.4986704 0.2273730 0.0996253 3.1173908 0.1500580 3.3939803 2.5798823 3.2833340 2.8927861 2.4603377 3.8484065 3.0424832 2.9472365 3.4168228 3.0218618 2.7087734 2.5660519 2.7087734 2.2965069 2.5498530 1.0851644 3.2579902 2.3505264 3.7271733 2.7425194 1.1045866 1.2809314 1.1519225 2.8643199 1.2687530 2.6542746 3.3061518 2.4462188 1.4336604 2.9685479 2.5134755 4.0070697 3.4665424 1.1520823 1.1739008 1.4023284 1.6979985 1.2860831 1.1665369 2.9610590 3.7050758 1.2704002 2.8614184 3.2504356 1.5659634 3.4146243 2.3909969 1.1489349 2.9966189 2.9684313 2.6492212 3.1353523 3.5443518 1.3495601 3.3621392 3.6678609 0.8025649 2.3761899 2.8823101 3.6932300 3.3773994 3.3773994 3.0772977 3.4889978 3.2409357 3.6715120 3.4949417 3.5822912 3.2258719 3.8038954 3.5856498 2.7741271 3.4661702 
YP_009506099.1_Trichoplusia_ni_granulovirus_LBIV-12                    3.7389110 3.3225413 3.1949942 3.4196479 3.4196479 3.2923753 3.8230711 3.3780794 3.0968005 3.3883839 3.9122561 2.8794728 3.3354059 3.3528930 3.2843454 3.0063529 0.0000010 0.0000000 2.3474932 0.0092601 0.0092601 3.1910027 2.4986704 0.2273730 0.0996253 3.1173908 0.1500580 3.3939803 2.5798823 3.2833340 2.8927861 2.4603377 3.8484065 3.0424832 2.9472365 3.4168228 3.0218618 2.7087734 2.5660519 2.7087734 2.2965069 2.5498530 1.0851644 3.2579902 2.3505264 3.7271733 2.7425194 1.1045866 1.2809314 1.1519225 2.8643199 1.2687530 2.6542746 3.3061518 2.4462188 1.4336604 2.9685479 2.5134755 4.0070697 3.4665424 1.1520823 1.1739008 1.4023284 1.6979985 1.2860831 1.1665369 2.9610590 3.7050758 1.2704002 2.8614184 3.2504356 1.5659634 3.4146243 2.3909969 1.1489349 2.9966189 2.9684313 2.6492212 3.1353523 3.5443518 1.3495601 3.3621392 3.6678609 0.8025649 2.3761899 2.8823101 3.6932300 3.3773994 3.3773994 3.0772977 3.4889978 3.2409357 3.6715120 3.4949417 3.5822912 3.2258719 3.8038954 3.5856498 2.7741271 3.4661702 
YP_009666667.1_Mythimna_unipuncta_nucleopolyhedrovirus                 2.4439073 3.0873088 3.0709259 3.1867068 3.1867068 3.2299050 2.8293771 3.4443734 1.2020920 1.2675968 0.9568578 0.6091075 2.5166309 2.5198702 0.5578325 0.5714866 2.3474932 2.3474932 0.0000000 2.3459470 2.3459470 0.7998478 1.5610821 2.1305184 2.2874675 1.5862485 2.1618671 0.8329700 1.7489392 0.8151492 2.4547077 1.5487433 2.5986777 2.4747075 1.6659863 1.3339196 3.3023405 0.9081139 1.4234130 0.9393512 2.8633271 2.1017716 2.3675215 2.3763894 1.1144055 2.8579297 2.0290361 2.1970425 2.3345714 2.4763528 2.6100008 2.5234529 1.8788419 2.4527647 1.6041968 2.3355410 1.4842910 2.0258159 2.6161242 1.2406829 2.4167089 2.5057774 2.5470629 2.5798314 2.2266754 2.5113095 1.9686197 1.3969763 2.1076020 1.5349820 0.9032346 2.4783789 1.7688072 0.5603264 2.1815074 1.6218198 1.4255590 0.8538296 2.3402045 3.5033123 3.0296304 1.6261777 1.4675431 3.2106906 1.6349566 1.2356244 1.7247835 1.6252855 1.6252855 1.7286879 1.8546854 1.8675528 1.7964837 1.6938903 1.8986948 1.6833777 1.7814568 3.6119468 3.1490778 3.4836509 
NP_059182.1_Xestia_c-nigrum_granulovirus                               3.7871531 3.3642374 3.2348063 3.4636266 3.4636266 3.3391003 3.8737145 3.4252165 3.1418013 3.3916974 3.9122561 2.8805660 3.3924393 3.4026960 3.2873446 3.0081430 0.0092601 0.0092601 2.3459470 0.0000000 0.0000010 3.1938804 2.4986704 0.2310928 0.1101404 3.1894118 0.1505957 3.3979678 2.6399423 3.2867356 2.9380150 2.4603377 3.9057128 3.0959733 3.0096073 3.4168228 3.0779777 2.7091623 2.5957475 2.7091623 2.3466465 2.5906782 1.0971375 3.3110531 2.3505264 3.8215286 2.7869163 1.1165156 1.2908918 1.1645664 2.9175231 1.2785795 2.6975892 3.3881821 2.4822852 1.4496717 3.0558245 2.6301665 4.0070697 3.4697897 1.1642873 1.1875821 1.4199164 1.7203156 1.3021001 1.1803269 3.0094794 3.7050758 1.2864024 2.8316384 3.2537591 1.5892504 3.4146243 2.3898042 1.1612746 3.0710837 2.8998710 2.6226889 3.1381168 3.5443518 1.3668157 3.4171780 3.7296608 0.8103741 2.3761899 2.8823101 3.7781465 3.4333479 3.4333479 3.0772977 3.5488419 3.2409357 3.6715120 3.4949417 3.6436864 3.2258719 3.8038954 3.6600708 2.8559441 3.5378023 
YP_001649014.1_Helicoverpa_armigera_granulovirus                       3.7871531 3.3642374 3.2348063 3.4636266 3.4636266 3.3391003 3.8737145 3.4252165 3.1418013 3.3916974 3.9122561 2.8805660 3.3924393 3.4026960 3.2873446 3.0081430 0.0092601 0.0092601 2.3459470 0.0000010 0.0000000 3.1938804 2.4986704 0.2310928 0.1101404 3.1894118 0.1505957 3.3979678 2.6399423 3.2867356 2.9380150 2.4603377 3.9057128 3.0959733 3.0096073 3.4168228 3.0779777 2.7091623 2.5957475 2.7091623 2.3466465 2.5906782 1.0971375 3.3110531 2.3505264 3.8215286 2.7869163 1.1165156 1.2908918 1.1645664 2.9175231 1.2785795 2.6975892 3.3881821 2.4822852 1.4496717 3.0558245 2.6301665 4.0070697 3.4697897 1.1642873 1.1875821 1.4199164 1.7203156 1.3021001 1.1803269 3.0094794 3.7050758 1.2864024 2.8316384 3.2537591 1.5892504 3.4146243 2.3898042 1.1612746 3.0710837 2.8998710 2.6226889 3.1381168 3.5443518 1.3668157 3.4171780 3.7296608 0.8103741 2.3761899 2.8823101 3.7781465 3.4333479 3.4333479 3.0772977 3.5488419 3.2409357 3.6715120 3.4949417 3.6436864 3.2258719 3.8038954 3.6600708 2.8559441 3.5378023 
NP_613096.1_Mamestra_configurata_nucleopolyhedrovirus_A                2.9032081 3.2342697 3.2193816 3.2629230 3.2629230 3.4522354 3.1694896 5.1216929 1.5126677 1.3643446 1.9040315 0.6589835 4.6332445 4.0586900 0.6339572 0.7414309 3.1910027 3.1910027 0.7998478 3.1938804 3.1938804 0.0000000 1.6455451 3.1218015 3.3829413 1.8115011 3.2190993 0.0394774 1.5958012 0.0389933 3.2674003 1.5683852 4.2253122 3.1600607 1.8550253 2.0916441 4.6600997 1.0045458 1.7822490 1.0135150 5.1477765 2.3648070 3.7565018 4.0865966 1.7231415 4.4217070 2.2908315 3.6761824 3.9609931 3.6873980 3.3200683 3.7727814 2.1647935 4.1280397 1.5647172 3.2619661 1.6786944 1.9699555 3.9281910 1.7606786 3.4863355 4.0064585 3.8775615 3.8884462 3.8149115 3.7574688 2.9482937 1.4819264 3.8249408 1.8349010 0.9720264 4.0571379 1.9363270 0.9576347 3.6269070 2.1542043 1.7078659 1.0221647 2.4577715 4.3744648 4.1147583 2.1231941 1.9618916 3.8080300 2.1007362 1.6071947 2.1093426 2.0133510 2.0133510 1.9697048 2.0941508 2.1767551 2.2435687 2.1141007 2.0680080 2.1781134 1.8577316 4.4526553 2.9416643 4.5362876 
NP_818748.1_Adoxophyes_honmai_nucleopolyhedrovirus                     2.6639247 3.0217435 3.1395123 3.1179881 3.1179881 2.8163274 3.0174086 3.4536367 1.9656581 1.3423039 2.1427985 1.6191942 3.6931738 2.5900305 1.5376513 1.5676518 2.4986704 2.4986704 1.5610821 2.4986704 2.4986704 1.6455451 0.0000000 2.8314565 2.5655973 2.3444496 2.6109256 1.7137710 2.1118773 1.7123858 1.9294976 0.0483498 2.0235758 2.0950023 1.5378342 2.1265928 2.2446864 1.7457809 0.8330047 1.7518472 2.5006569 2.8332962 2.0406669 2.3207134 1.7394878 2.3156615 2.7020995 2.2228242 2.0965359 2.2238932 2.6291832 2.3830897 2.6383302 2.5160843 1.6404369 2.3122171 2.4237875 2.5274364 2.4514090 1.9797477 2.2281413 2.3540370 2.7133689 2.5987769 2.6917368 1.8793329 2.2633682 2.6401606 2.6652717 1.9202567 1.8220798 2.3486366 1.6780877 1.6383134 2.2154043 2.0879268 2.1149680 1.8977111 2.8280432 2.8668797 2.5574430 2.8000340 2.8084879 2.9063183 2.7611746 2.5749132 2.1707468 2.8684841 2.8684841 2.7477039 3.2286501 2.3801608 2.7608491 2.5535749 2.1479773 2.4884763 2.4663450 5.1478948 3.0014323 4.9312211 
YP_009121814.1_Spodoptera_frugiperda_granulovirus                      3.7071701 3.3865982 3.2563651 3.3692175 3.3692175 3.6127077 3.9300873 3.4050122 3.1215924 3.6125327 4.1402065 3.0044793 3.5207215 3.2566270 3.3767932 2.7542383 0.2273730 0.2273730 2.1305184 0.2310928 0.2310928 3.1218015 2.8314565 0.0000000 0.2496360 3.3512689 0.1743600 3.4410032 2.7701672 3.3307958 3.3988976 2.7958780 3.8452842 3.0367201 3.1585155 3.4928634 3.1261895 2.6806466 2.4061213 2.6806466 2.5263623 2.6680289 1.1446000 3.5203244 2.5307247 4.2780684 2.7443760 1.0284497 1.2513904 1.2033826 3.0601060 1.2436039 2.7307485 3.8993731 2.5082750 1.2449057 2.9755454 2.8955185 4.0275980 3.9438495 1.0733852 1.1632126 1.2570750 1.4879621 1.1087222 1.1389254 2.9373845 3.5192107 1.1372385 3.3981764 3.2149579 1.5085374 3.4979693 2.3735217 1.2200202 3.1467649 2.9291628 2.9958972 3.3188699 4.0231219 1.3710937 2.9980013 3.1881912 0.8153962 2.4158167 2.4447220 3.7019394 3.0079331 3.0079331 2.9441718 3.3493866 3.0706927 3.5162515 3.3533452 3.4372959 3.1509042 3.5945268 3.7130386 3.2925391 3.5948917 
YP_009249869.1_Mocis_latipes_granulovirus                              3.9213639 3.6985539 3.6355765 3.5848637 3.5848637 3.6716177 4.0355189 3.4150192 3.5304575 3.2932866 4.0626850 3.2000778 3.2413050 3.1751183 3.5295614 3.1352889 0.0996253 0.0996253 2.2874675 0.1101404 0.1101404 3.3829413 2.5655973 0.2496360 0.0000000 3.3605882 0.2096030 3.6020551 2.8588584 3.4872221 2.9632978 2.5577771 3.7999045 3.1206243 2.9001504 3.7777379 3.1034349 3.0298007 2.4698156 3.0298007 2.3203257 2.4425031 1.1647878 3.0163199 2.7203924 3.8189446 2.6289527 1.1489769 1.3442502 1.2044388 2.6869558 1.3315152 2.6242876 3.3320467 2.3705918 1.4464055 2.8896164 2.3095657 4.2814036 3.5627651 1.1691947 1.2151508 1.4558779 1.6274405 1.2790742 1.2041124 2.6371455 4.0516464 1.3089744 2.9077214 3.6151383 1.5368747 3.6496998 2.4562451 1.2099876 3.1703080 2.9037384 2.9530732 2.8417319 3.5365172 1.2882525 3.2992775 3.6226536 0.8619468 2.4715801 2.7036605 4.2909767 3.3136226 3.3136226 3.1099335 3.5432637 3.3161746 3.5659383 3.3986664 3.4052152 3.1404113 4.2988540 3.6884176 2.9794019 3.5673830 
YP_009505920.1_Spodoptera_littoralis_nucleopolyhedrovirus              3.6978178 3.5453951 3.5559760 4.0693158 4.0693158 3.6600067 3.8865366 4.3109439 2.5509062 2.1404849 1.4676627 2.2350047 4.5995969 4.6123417 2.1722120 1.9852479 3.1173908 3.1173908 1.5862485 3.1894118 3.1894118 1.8115011 2.3444496 3.3512689 3.3605882 0.0000000 3.1612133 1.9480888 2.0350459 1.8967772 3.8724773 2.3658036 4.5786157 4.6057183 2.2638683 1.7388627 3.6129868 1.9708103 2.4276686 1.9983218 5.2225071 3.1214393 3.1602551 3.8834677 1.5678065 5.0085084 3.0864439 3.3008124 3.0415276 3.2821077 3.5718945 3.4260631 3.2166371 4.5194413 2.2794572 3.8590315 0.1873742 2.7892385 4.5476933 2.3206363 3.4354141 3.0237438 3.4794465 3.6814878 3.3920361 3.7781598 3.7638848 2.2435748 3.2337367 2.1915086 1.8589462 3.7310269 1.7226453 1.9613846 3.2416297 1.7661991 1.8122384 1.9321717 4.3319478 4.6701304 3.1769621 2.8446309 2.8540724 4.0287573 3.2052614 2.0932876 2.4627770 3.0929102 3.0929102 2.8889060 3.6322811 3.3464723 3.3106394 3.0991968 2.5743035 3.1941472 2.8545868 4.1970091 3.1282416 4.2191589 
YP_009345753.1_Mythimna_unipuncta_granulovirus_B                       3.8826484 3.4033471 3.2691838 3.3677577 3.3677577 3.3718847 3.9916775 3.2105266 3.1865902 3.5222498 4.0595411 2.8618601 3.3039253 3.0510563 3.1765506 2.8932948 0.1500580 0.1500580 2.1618671 0.1505957 0.1505957 3.2190993 2.6109256 0.1743600 0.2096030 3.1612133 0.0000000 3.4249741 2.7082648 3.3129447 2.8454823 2.5809953 3.4844982 2.9318959 3.1063878 3.2961570 3.0216774 2.6158550 2.2699099 2.6158550 2.4204884 2.5507545 1.2143585 3.2762924 2.5202367 4.0711726 2.7115811 1.1415127 1.2593080 1.2832939 2.7038586 1.2048285 2.6824090 3.3008347 2.2466065 1.3561211 3.0783215 2.7670578 3.9441317 3.6365596 1.1328279 1.1762368 1.3678136 1.6880764 1.2778711 1.2226626 2.7204013 3.6538902 1.2395911 2.9399535 3.1246279 1.6461947 3.0573467 2.3419564 1.2256659 3.1851705 2.8687411 2.8039603 3.3110092 3.1086688 1.4945209 2.9811802 3.1753716 0.7249710 2.2552383 2.6421362 3.4686949 2.9911423 2.9911423 2.9269569 3.3770601 2.8782293 3.4139603 3.3355583 3.3667920 3.0510749 3.5363169 3.6636787 3.2488925 3.5468441 
NP_689187.1_Mamestra_configurata_nucleopolyhedrovirus_B                3.1058612 3.5448829 3.5316014 3.5805473 3.5805473 3.7818175 3.4603620 5.0308232 1.6454166 1.4020831 1.9426209 0.6841476 4.9126320 3.8526119 0.6573316 0.7979425 3.3939803 3.3939803 0.8329700 3.3979678 3.3979678 0.0394774 1.7137710 3.4410032 3.6020551 1.9480888 3.4249741 0.0000000 1.7204254 0.0000010 3.4635063 1.6803538 4.4104588 3.3722678 1.9189891 2.0750349 4.7879668 1.0173660 1.9054740 1.0263613 5.3705293 2.4128181 3.6207072 4.1494038 1.8156877 4.5030200 2.3357610 3.5004771 3.8789699 3.7216800 3.4121776 3.6738792 2.2082453 4.1291280 1.6313306 3.1302413 1.7636994 2.0046839 3.7576348 1.7719987 3.3500909 3.8582129 3.6875039 3.7916002 3.7035824 3.6746109 3.1267842 1.4545365 3.7066611 2.0038787 0.9844944 3.7864657 2.0940141 0.9908190 3.6109030 2.3487518 1.7276069 1.0392421 2.7348865 4.5725519 4.1161077 2.1611145 1.9966612 3.7340791 2.2873223 1.6891891 2.2416190 2.0489771 2.0489771 2.1290858 2.2992380 2.1913742 2.2852271 2.1527328 2.1115760 2.2175624 1.8594357 4.7964210 3.0406113 4.8796012 
NP_203674.1_Helicoverpa_armigera_nucleopolyhedrovirus                  2.2729195 2.3374903 2.3018078 2.4150681 2.4150681 2.3205246 2.7030554 2.5348684 1.1656187 1.5487739 2.1338394 1.3890669 3.0677947 2.3527912 1.3873291 1.5677657 2.5798823 2.5798823 1.7489392 2.6399423 2.6399423 1.5958012 2.1118773 2.7701672 2.8588584 2.0350459 2.7082648 1.7204254 0.0000000 1.6798505 2.9026924 2.1125190 2.2862130 1.9477993 2.1193834 2.1623178 2.1638192 1.6529223 2.0977428 1.6533942 2.2381585 2.3563600 2.9091989 2.3279926 1.6901181 2.1858251 2.5095125 2.8560171 2.9051926 2.7598952 2.2225282 2.8861378 2.4959245 2.0335281 1.2339490 2.6022682 2.1024783 2.3951248 2.6147938 2.0927874 2.7042334 2.8600806 2.8578182 3.0804726 2.6285175 3.0658625 2.1548259 2.4345996 2.4316844 2.0383651 1.5626506 3.0058267 1.7115517 1.6461930 2.6068227 1.6576509 1.5598385 1.5216231 2.7923093 2.6081325 3.3883895 2.8015237 2.6462654 3.1147011 2.5244104 1.9206180 1.5807289 2.6994054 2.6994054 2.7261478 2.9704489 2.7608968 3.0940760 2.8686718 2.9830625 3.0205095 2.3189594 3.0976301 2.0548901 3.1601692 
YP_009011077.1_Mamestra_brassicae_multiple_nucleopolyhedrovirus        3.0045632 3.4298966 3.4159525 3.4630275 3.4630275 3.6604606 3.4526164 5.0924170 1.6454166 1.4270587 1.9741609 0.6706807 4.6988737 3.9475980 0.6448385 0.7812324 3.2833340 3.2833340 0.8151492 3.2867356 3.2867356 0.0389933 1.7123858 3.3307958 3.4872221 1.8967772 3.3129447 0.0000010 1.6798505 0.0000000 3.5065928 1.6340701 4.2636176 3.3675392 1.8740663 2.1033441 4.8430380 1.0173660 1.8539129 1.0263613 5.3455616 2.4558169 3.6207072 4.1826329 1.7641889 4.5742498 2.3781372 3.5432351 3.8679155 3.7216800 3.4121776 3.6880697 2.2531269 4.2734640 1.6313306 3.1723600 1.7636994 2.0465610 3.7576348 1.7654509 3.3500909 3.8582129 3.7017198 3.8029308 3.7035824 3.6746109 3.0015628 1.4532017 3.7066611 1.9929000 0.9653186 3.9429352 2.1000622 0.9703613 3.5612132 2.3510859 1.7276069 1.0419748 2.7728660 4.5670501 4.1161077 2.2040089 2.0397585 3.6901975 2.2645742 1.6891891 2.1858416 2.0918460 2.0918460 2.0469352 2.2781955 2.2632267 2.3292742 2.1966452 2.1469484 2.2608132 1.8937647 4.7708268 2.9274373 4.8536568 
YP_003429408.1_Artogeia_rapae_granulovirus                             1.1642791 1.2560717 1.2563513 1.1455401 1.1455401 1.3017082 1.1765556 1.2406196 2.5611815 2.6694450 2.3171539 3.1020709 0.9821818 0.9871627 2.7841042 2.7662258 2.8927861 2.8927861 2.4547077 2.9380150 2.9380150 3.2674003 1.9294976 3.3988976 2.9632978 3.8724773 2.8454823 3.4635063 2.9026924 3.5065928 0.0000000 2.0781794 1.0186625 1.0689544 2.9802681 2.6625106 1.1105654 3.6657479 2.6655548 3.6863997 1.4248898 2.0485519 2.7323117 0.7123164 3.0793854 1.2548404 2.1789421 2.9612270 2.5507078 2.9904170 0.9696701 3.0483160 2.1361808 1.3192128 1.9530087 3.1714621 3.9370895 2.3449657 0.9162358 3.5235065 2.8567113 3.1654911 3.6675642 2.8235416 3.0423595 2.0708449 1.4710104 3.5466471 2.8776014 3.5275682 3.5053977 3.7021498 1.8363952 2.8875477 2.5037410 3.3124086 3.4171359 3.3668951 2.0900798 0.9481090 2.9627871 2.5823399 2.4649340 3.5254898 2.4470521 2.9970503 3.0486701 2.4086893 2.4086893 2.5288491 2.1751792 2.3760431 2.6774934 2.5864644 2.0888479 2.5024959 3.6562761 6.5488798 2.8580149 6.4951587 
YP_002300614.1_Adoxophyes_orana_nucleopolyhedrovirus                   2.6308570 2.9341808 3.0488853 3.0424543 3.0424543 2.7716348 2.9298979 3.6051321 2.0754642 1.4161867 2.1901855 1.5750774 3.9146972 2.5698410 1.4898297 1.5318766 2.4603377 2.4603377 1.5487433 2.4603377 2.4603377 1.5683852 0.0483498 2.7958780 2.5577771 2.3658036 2.5809953 1.6803538 2.1125190 1.6340701 2.0781794 0.0000000 2.0599509 2.1928937 1.4787233 2.1704679 2.3413737 1.7176008 0.8494606 1.7236684 2.4500278 2.8192826 1.9858640 2.4092347 1.6746176 2.4556884 2.6889224 2.2619576 2.1387935 2.2956130 2.5952996 2.4341736 2.6755148 2.6475584 1.6237065 2.3519850 2.5130126 2.5152447 2.5795748 2.0563375 2.3023417 2.4314202 2.7111886 2.6524732 2.7786593 1.9451706 2.3155532 2.5896819 2.7510270 1.9299326 1.7394924 2.4532215 1.6000953 1.6112732 2.1280903 2.2108866 2.1850822 1.8528978 2.7836963 2.9639308 2.4419301 2.7618983 2.7706101 2.8780836 2.8215927 2.6572271 2.0913082 2.8300163 2.8300163 2.6740411 3.1777058 2.4588534 2.8012569 2.5908665 2.1882132 2.5247054 2.5826092 5.0887329 2.9094827 4.9165804 
NP_148884.1_Cydia_pomonella_granulovirus                               1.1381082 1.3781227 1.3721000 1.3113010 1.3113010 1.4593194 1.2920847 1.3067708 3.2166572 3.7242828 3.4758026 3.1913715 0.9339665 0.9263565 3.1888096 3.4665728 3.8484065 3.8484065 2.5986777 3.9057128 3.9057128 4.2253122 2.0235758 3.8452842 3.7999045 4.5786157 3.4844982 4.4104588 2.2862130 4.2636176 1.0186625 2.0599509 0.0000000 0.9435222 3.0991681 3.8988278 1.1631707 3.8719756 2.5642182 3.8845932 1.2886225 2.0232214 3.1689632 0.8425460 3.5236868 1.3489135 2.2323314 3.2897770 3.5321806 3.3269610 1.1503664 4.1901461 2.2736543 1.3173070 2.0758341 3.7251000 4.1283453 2.6972178 0.8533590 3.6251122 3.3903858 3.6426410 3.8607284 4.0417275 3.5280698 3.3660889 1.2426365 4.1444767 3.3751592 3.8493008 3.8658927 4.3781012 2.4884898 3.1786101 3.5165689 3.2273789 3.3015213 3.7003635 2.3781976 1.3630898 3.5832194 2.5016471 2.4561703 5.0122959 2.3833356 2.2210803 3.5414434 2.3507681 2.3507681 2.0298290 1.9740736 2.2041373 2.3456550 2.0720623 2.0335678 2.4104978 3.5660197 6.9352000 2.1724007 6.8112538 
YP_006908603.1_Epinotia_aporema_granulovirus                           1.1028836 1.2977111 1.2977111 1.2648171 1.2648171 1.3826015 1.1682738 1.0019297 2.2860528 3.3137996 2.9550893 3.1703011 1.0140704 0.8448332 2.8522310 3.1536813 3.0424832 3.0424832 2.4747075 3.0959733 3.0959733 3.1600607 2.0950023 3.0367201 3.1206243 4.6057183 2.9318959 3.3722678 1.9477993 3.3675392 1.0689544 2.1928937 0.9435222 0.0000000 2.9298184 2.3727665 0.8418542 3.4592493 2.5096397 3.4818345 0.9913379 2.4255770 2.8442358 0.7208371 2.9613980 1.2167867 2.4691995 2.9515215 2.8475171 2.8585723 1.1726295 3.3923392 2.4195405 1.0750381 2.1824003 3.2094607 3.6502748 2.7881945 1.0461463 2.9518778 3.0548621 3.5013860 3.4663949 2.8784213 3.3164812 2.7099516 1.4449374 2.9704491 3.1627120 3.9124040 3.6579270 4.2922882 2.3667129 2.5070505 3.0675796 3.0333057 2.3744029 3.4922217 2.4274409 1.4708098 3.6992296 2.5836395 2.3857816 3.5797937 2.4257262 2.6471365 3.3074905 2.3255982 2.3255982 2.3584549 2.8618061 2.2312838 2.5214940 2.6113330 2.2162747 2.5959452 3.6283002 5.7857078 2.5329300 5.6568963 
YP_717648.1_Clanis_bilineata_nucleopolyhedrovirus                      3.8423085 3.3789332 3.4862431 3.2747943 3.2747943 3.5445434 3.7489516 4.2520032 2.1887660 1.8590989 1.8444649 1.7556673 3.2452756 3.1515829 1.6654307 2.0485409 2.9472365 2.9472365 1.6659863 3.0096073 3.0096073 1.8550253 1.5378342 3.1585155 2.9001504 2.2638683 3.1063878 1.9189891 2.1193834 1.8740663 2.9802681 1.4787233 3.0991681 2.9298184 0.0000000 2.2294672 2.8255764 2.0967531 1.6243371 2.1061297 3.2516089 2.8604572 2.9747985 3.0759121 1.7834346 3.0917728 2.7818404 2.9063740 2.8605658 3.2794066 3.2282000 3.4899272 2.6763078 3.2071329 1.5239908 3.9248081 2.2489479 2.7484948 3.3713109 2.1176969 3.0295616 3.4637414 3.3881397 4.2074583 3.7280550 3.3296908 2.5086787 2.3536595 3.7331377 2.1089923 2.0716736 3.5071902 2.6520778 1.8275022 3.1843543 1.7301429 1.8307821 1.7527746 2.5786951 3.5105912 3.1125694 2.4553287 2.3316217 2.8204924 2.9958879 2.2945604 2.7908628 2.4202822 2.4202822 2.5068999 3.3690705 2.4394201 2.2891129 2.1657297 2.2608916 2.4971540 3.0516206 4.3895756 2.6949748 4.4005299 
YP_006607857.1_Apocheima_cinerarium_nucleopolyhedrovirus               2.6633060 3.3537108 3.3041375 3.2829180 3.2829180 3.3481671 3.3944790 3.1995409 1.4076509 1.6803128 0.9269215 1.8142603 3.1769609 3.3282360 1.6072307 1.6205025 3.4168228 3.4168228 1.3339196 3.4168228 3.4168228 2.0916441 2.1265928 3.4928634 3.7777379 1.7388627 3.2961570 2.0750349 2.1623178 2.1033441 2.6625106 2.1704679 3.8988278 2.3727665 2.2294672 0.0000000 2.8955462 2.0137067 2.2321573 2.0039958 3.1012128 2.6934180 2.7902680 2.1113603 1.1689391 3.0723286 2.8269563 2.5676382 2.6088449 2.8290320 2.1445356 2.7124415 2.8867284 2.7635647 2.2195334 3.4194278 1.9238885 2.7874366 4.1611443 1.4661076 2.8511809 2.8296586 2.6840851 3.3696496 3.1222731 2.9659762 2.2811253 1.3769674 2.8399968 1.9186860 1.9560667 3.2866912 2.3471709 1.5646397 2.8894386 1.6103355 1.5556507 1.8012916 3.1455901 3.2905899 3.5628210 2.4625866 2.3742297 4.7206436 2.7304987 1.7942718 2.1112614 2.6105977 2.6105977 3.0701875 3.3303215 3.0034908 2.7153793 2.5053250 2.6879211 2.8228986 2.7391060 3.7407039 3.1338168 3.7556612 
YP_009330218.1_Plodia_interpunctella_granulovirus                      1.1164662 1.1749335 1.1782317 1.1246047 1.1246047 1.1123972 1.2181780 1.1816153 2.8183514 2.7979524 3.1824413 3.3581048 1.5354176 0.7127205 3.3631313 3.6760981 3.0218618 3.0218618 3.3023405 3.0779777 3.0779777 4.6600997 2.2446864 3.1261895 3.1034349 3.6129868 3.0216774 4.7879668 2.1638192 4.8430380 1.1105654 2.3413737 1.1631707 0.8418542 2.8255764 2.8955462 0.0000000 3.9827274 2.2401599 3.9827274 1.0860810 3.0501013 2.8374131 1.0442019 2.8970449 0.9118155 3.1143627 2.8597879 3.1447502 3.2500419 1.2671461 3.7317335 2.9669767 1.0601438 2.9267157 3.7365859 4.1245643 3.0459606 1.0451601 3.8266037 2.5926122 2.8024046 3.4617637 3.0516807 3.5997121 2.7018304 1.5713475 3.2858725 3.3400703 3.5759566 4.2450251 3.6187314 2.5396918 3.3654981 2.7265708 3.5726454 3.5434555 3.5837238 3.3467663 0.7991762 3.0430609 2.6748859 2.5741042 3.5781955 2.9685894 2.8479266 3.0895002 2.8534791 2.8534791 2.8941870 3.0366289 2.2451710 2.6211860 2.5535281 2.5028894 2.4991667 3.1972326 4.4257469 2.5406175 4.2741269 
